plane_090-1.dcm [[-0.5, 1391.5, 0.0], [1911.5, 1391.5, 0.0], [-0.5, -0.5, 0.0], [1911.5, -0.5, 0.0]]
plane_092-1.dcm [[-45.5, 1419.5, 56.0], [1970.5, 1419.5, 56.0], [-45.5, -20.5, 56.0], [1970.5, -20.5, 56.0]]
plane_094-1.dcm [[-205.5, 1545.5, 112.0], [2002.5, 1545.5, 112.0], [-205.5, -30.5, 112.0], [2002.5, -30.5, 112.0]]
plane_096-1.dcm [[-140.5, 1467.5, 168.0], [1979.5, 1467.5, 168.0], [-140.5, -20.5, 168.0], [1979.5, -20.5, 168.0]]
plane_098-1.dcm [[-185.5, 1598.5, 224.0], [1982.5, 1598.5, 224.0], [-185.5, 14.5, 224.0], [1982.5, 14.5, 224.0]]
plane_100-1.dcm [[-240.5, 1637.5, 280.0], [2063.5, 1637.5, 280.0], [-240.5, -10.5, 280.0], [2063.5, -10.5, 280.0]]
plane_102-1.dcm [[-235.5, 1510.5, 336.0], [2172.5, 1510.5, 336.0], [-235.5, -65.5, 336.0], [2172.5, -65.5, 336.0]]
plane_104-1.dcm [[-180.5, 1546.5, 392.0], [2147.5, 1546.5, 392.0], [-180.5, -5.5, 392.0], [2147.5, -5.5, 392.0]]
plane_106-1.dcm [[-210.5, 1607.5, 448.0], [2061.5, 1607.5, 448.0], [-210.5, -0.5, 448.0], [2061.5, -0.5, 448.0]]
plane_108-1.dcm [[-225.5, 1604.5, 504.0], [2094.5, 1604.5, 504.0], [-225.5, -35.5, 504.0], [2094.5, -35.5, 504.0]]
plane_110-1.dcm [[-220.5, 1539.5, 560.0], [2243.5, 1539.5, 560.0], [-220.5, -60.5, 560.0], [2243.5, -60.5, 560.0]]
plane_112-1.dcm [[-230.5, 1623.5, 616.0], [1993.5, 1623.5, 616.0], [-230.5, 39.5, 616.0], [1993.5, 39.5, 616.0]]
plane_114-1.dcm [[-240.5, 1616.5, 672.0], [1991.5, 1616.5, 672.0], [-240.5, -15.5, 672.0], [1991.5, -15.5, 672.0]]
plane_116-1.dcm [[-270.5, 1637.5, 728.0], [2017.5, 1637.5, 728.0], [-270.5, -10.5, 728.0], [2017.5, -10.5, 728.0]]
plane_118-1.dcm [[-240.5, 1671.5, 784.0], [2079.5, 1671.5, 784.0], [-240.5, -0.5, 784.0], [2079.5, -0.5, 784.0]]
plane_120-1.dcm [[-265.5, 1733.5, 840.0], [2022.5, 1733.5, 840.0], [-265.5, -10.5, 840.0], [2022.5, -10.5, 840.0]]
plane_122-1.dcm [[-220.5, 1659.5, 896.0], [2099.5, 1659.5, 896.0], [-220.5, -20.5, 896.0], [2099.5, -20.5, 896.0]]
plane_124-1.dcm [[-290.5, 1554.5, 952.0], [2077.5, 1554.5, 952.0], [-290.5, -125.5, 952.0], [2077.5, -125.5, 952.0]]
plane_126-1.dcm [[-145.5, 1522.5, 1008.0], [2110.5, 1522.5, 1008.0], [-145.5, -45.5, 1008.0], [2110.5, -45.5, 1008.0]]
plane_128-1.dcm [[-245.5, 1600.5, 1064.0], [1994.5, 1600.5, 1064.0], [-245.5, -15.5, 1064.0], [1994.5, -15.5, 1064.0]]
plane_130-1.dcm [[-210.5, 1571.5, 1120.0], [2021.5, 1571.5, 1120.0], [-210.5, -20.5, 1120.0], [2021.5, -20.5, 1120.0]]
plane_132-1.dcm [[-170.5, 1513.5, 1176.0], [2037.5, 1513.5, 1176.0], [-170.5, -30.5, 1176.0], [2037.5, -30.5, 1176.0]]
plane_134-1.dcm [[-180.5, 1518.5, 1232.0], [2139.5, 1518.5, 1232.0], [-180.5, -65.5, 1232.0], [2139.5, -65.5, 1232.0]]
plane_136-1.dcm [[-170.5, 1466.5, 1288.0], [2045.5, 1466.5, 1288.0], [-170.5, -45.5, 1288.0], [2045.5, -45.5, 1288.0]]
plane_138-1.dcm [[-185.5, 1591.5, 1344.0], [2006.5, 1591.5, 1344.0], [-185.5, -40.5, 1344.0], [2006.5, -40.5, 1344.0]]
plane_140-1.dcm [[-165.5, 1547.5, 1400.0], [2074.5, 1547.5, 1400.0], [-165.5, -60.5, 1400.0], [2074.5, -60.5, 1400.0]]
plane_142-1.dcm [[-130.5, 1475.5, 1456.0], [2005.5, 1475.5, 1456.0], [-130.5, -60.5, 1456.0], [2005.5, -60.5, 1456.0]]
plane_144-1.dcm [[-140.5, 1501.5, 1512.0], [1939.5, 1501.5, 1512.0], [-140.5, -50.5, 1512.0], [1939.5, -50.5, 1512.0]]
plane_146-1.dcm [[-115.5, 1445.5, 1568.0], [2020.5, 1445.5, 1568.0], [-115.5, -50.5, 1568.0], [2020.5, -50.5, 1568.0]]
