13ah.dcm [[-15.5, 1281.5, 0.0], [1488.5, 1281.5, 0.0], [-15.5, 49.5, 0.0], [1488.5, 49.5, 0.0]]
13ai.dcm [[9.5, 1281.5, 169.0], [1761.5, 1281.5, 169.0], [9.5, 49.5, 169.0], [1761.5, 49.5, 169.0]]
13aj.dcm [[19.5, 1207.5, 299.0], [1827.5, 1207.5, 299.0], [19.5, -0.5, 299.0], [1827.5, -0.5, 299.0]]
13ak.dcm [[39.5, 1135.5, 455.0], [1879.5, 1135.5, 455.0], [39.5, -0.5, 455.0], [1879.5, -0.5, 455.0]]
13al.dcm [[-10.5, 1303.5, 598.0], [1917.5, 1303.5, 598.0], [-10.5, -0.5, 598.0], [1917.5, -0.5, 598.0]]
13ba.dcm [[-50.5, 1279.5, 741.0], [1981.5, 1279.5, 741.0], [-50.5, -0.5, 741.0], [1981.5, -0.5, 741.0]]
13bb.dcm [[-50.5, 1311.5, 897.0], [1949.5, 1311.5, 897.0], [-50.5, -0.5, 897.0], [1949.5, -0.5, 897.0]]
13bc.dcm [[-60.5, 1375.5, 1053.0], [1939.5, 1375.5, 1053.0], [-60.5, -0.5, 1053.0], [1939.5, -0.5, 1053.0]]
13bd.dcm [[-40.5, 1339.5, 1260.0], [1807.5, 1339.5, 1260.0], [-40.5, 19.5, 1260.0], [1807.5, 19.5, 1260.0]]
13be.dcm [[-120.5, 1471.5, 1403.0], [1559.5, 1471.5, 1403.0], [-120.5, 39.5, 1403.0], [1559.5, 39.5, 1403.0]]
13bf.dcm [[-90.5, 1391.5, 1520.0], [1597.5, 1391.5, 1520.0], [-90.5, -0.5, 1520.0], [1597.5, -0.5, 1520.0]]
